100
3 8
5 6 9 4 8 2 1 7
3 1
2
3 10
2 4 8 16 32 64 100 100 100 100
3 10
1 4 4 4 4 4 4 4 4 4
100 1
100
3 5
11 20 60 22 100
2 10
100 100 100 100 100 100 100 100 100 100
3 5
100 100 100 100 100
3 4
1 6 12 49
2 6
9 64 19 16 81 80
1 10
100 100 100 100 100 100 100 100 100 100
1 10
1 1 1 1 1 1 1 1 1 1
15 2
46 80
2 3
72 45 4
13 3
1 46 43
17 7
1 14 26 71 11 55 12
11 1
59
3 3
32 82 11
25 6
1 9 91 78 59 76
7 7
4 38 1 51 3 6 9
21 5
36 53 26 71 49
1 2
1 19
3 5
85 1 36 25 3
2 1
2
4 3
4 49 9
1 1
43
9 3
3 26 85
18 1
95
1 4
76 6 10 86
3 4
80 59 64 5
2 6
64 10 29 16 58 58
7 6
59 25 6 67 33 69
8 7
93 30 86 6 70 4 58
20 4
16 62 18 46
1 9
69 1 3 11 75 58 46 20 84
1 6
8 45 1 1 7 75
4 2
14 29
25 4
65 14 41 1
9 5
67 87 77 40 30
7 5
32 99 94 91 1
3 4
14 9 1 87
24 8
39 9 1 55 1 11 88 90
22 6
14 57 5 12 62 1
17 1
40
2 9
87 35 99 8 9 10 8 28 61
16 8
1 1 2 1 72 55 31 3
5 2
52 32
2 1
33
20 3
2 1 44
25 4
3 18 1 99
7 8
99 38 24 99 77 8 43 99
15 3
25 51 71
8 8
48 1 51 14 27 12 39 32
19 9
60 1 89 23 1 86 7 91 60
2 9
2 52 65 54 86 27 21 41 16
1 1
4
2 1
11
24 3
2 48 80
14 2
56 1
3 9
1 84 64 22 14 95 21 38 78
14 3
45 43 13
11 9
69 18 48 2 5 78 1 1 72
19 9
17 98 49 14 18 20 20 16 18
3 7
12 11 22 38 24 52 1
1 5
77 1 99 1 65
1 7
98 17 1 12 95 3 69
11 6
1 75 71 7 14 98
24 1
12
1 5
9 39 56 28 98
19 4
44 83 62 25
13 5
13 59 4 3 28
16 5
65 71 93 91 21
4 1
70
6 9
22 1 94 19 56 36 35 11 31
2 9
3 1 32 74 1 7 18 92 2
6 4
13 97 36 34
15 2
47 78
3 7
27 1 67 28 14 75 22
21 3
3 42 55
10 5
15 12 94 2 56
18 5
13 89 36 99 8
16 9
15 18 69 70 13 32 20 13 6
10 8
1 96 17 86 25 18 8 5
7 7
45 1 10 11 17 27 65
10 3
73 62 33
13 3
8 22 25
3 5
5 93 19 42 24
1 9
10 45 87 30 85 2 42 2 2
5 4
24 2 12 83
15 7
22 48 92 44 31 37 2
7 6
39 44 1 16 72 46
1 3
24 89 93
1 8
35 56 36 5 32 65 62 82
22 5
4 79 47 23 1
1 5
42 2 15 1 18
14 9
32 9 19 25 55 29 28 62 7
12 3
5 40 76
3 9
3 97 96 18 47 37 8 86 16
8 3
1 67 7
1 2
27 1
