100
3 8
5 6 9 4 8 2 1 7
3 1
2
3 10
2 4 8 16 32 64 100 100 100 100
3 10
1 4 4 4 4 4 4 4 4 4
100 1
100
3 5
11 20 60 22 100
2 10
100 100 100 100 100 100 100 100 100 100
3 5
100 100 100 100 100
3 4
1 6 12 49
2 6
9 64 19 16 81 80
1 10
100 100 100 100 100 100 100 100 100 100
1 10
1 1 1 1 1 1 1 1 1 1
5 1
11
10 3
59 3 10
2 2
62 28
2 9
1 32 60 35 1 3 38 24 31
9 6
64 62 64 3 31 61
7 7
21 75 15 20 65 50 47
1 8
62 90 1 28 14 6 30 90
2 9
14 13 66 1 96 13 1 1 28
3 9
17 72 7 1 30 41 42 34 13
1 6
84 1 28 24 36 1
1 5
51 42 33 2 2
19 9
35 6 75 9 84 10 11 43 22
2 8
75 2 1 4 20 1 52 21
1 8
22 30 3 24 15 36 45 26
1 8
47 45 2 68 44 31 94 3
20 7
11 8 5 1 51 8 58
6 9
83 55 1 23 25 64 51 2 6
10 3
8 1 31
20 8
1 6 11 32 29 40 52 86
3 9
57 25 17 2 57 46 78 39 18
1 7
62 6 9 56 6 32 7
4 1
9
1 3
11 79 41
20 1
84
7 4
11 9 31 7
12 1
1
12 3
60 42 51
4 1
10
5 3
68 53 88
1 6
17 37 57 81 96 64
2 3
3 24 67
23 5
44 62 10 28 19
4 1
29
2 1
84
1 7
83 70 37 18 66 86 87
11 1
63
13 2
29 43
11 9
9 58 32 51 7 2 91 68 39
2 2
20 53
6 2
69 92
3 8
62 16 1 32 90 47 22 22
1 1
18
6 1
97
7 6
4 14 1 37 8 36
9 6
28 6 71 42 75 84
10 7
10 2 54 65 49 81 4
10 7
11 16 42 82 8 19 21
12 1
26
1 3
77 35 9
25 3
56 3 9
5 7
3 6 19 6 2 15 2
1 3
1 72 5
23 5
50 95 1 27 2
7 7
60 2 4 20 5 98 73
1 3
18 3 85
18 4
36 31 34 37
1 6
20 37 17 77 85 9
2 8
13 68 78 57 1 56 5 4
1 8
1 7 1 86 1 53 33 38
9 9
11 34 16 39 38 33 24 69 30
23 2
38 55
10 8
40 77 60 4 23 1 27 15
10 7
34 10 3 22 50 85 67
2 5
1 15 25 7 2
14 8
29 12 83 9 14 16 72 16
21 8
53 6 5 64 28 1 4 36
15 1
1
24 6
50 1 23 21 2 57
10 1
54
20 8
1 48 23 27 86 14 87 23
17 8
96 78 26 9 4 89 17 6
15 1
1
3 9
72 95 8 25 11 31 13 93 44
11 9
1 6 2 35 94 9 34 3 26
10 3
33 24 23
3 1
27
8 1
34
7 7
19 40 9 7 18 43 50
3 5
61 10 1 12 81
4 8
40 20 34 94 2 19 3 3
18 4
1 75 1 98
21 1
5
1 8
76 96 87 14 74 61 49 7
1 9
13 1 52 68 9 1 8 28 35
1 2
59 1
1 9
36 7 19 12 97 43 94 22 4
24 9
3 32 58 1 5 57 17 9 3
6 4
43 75 14 57
